
Kobe Bryant

Raw
+---------+-----+------+--------+----------+---------+-------+------+-------+---------+
|   Year  | Age | Team | Points | Rebounds | Assists |  FT % | PER  |   TS  | M_VALUE |
+---------+-----+------+--------+----------+---------+-------+------+-------+---------+
| 1996-97 |  18 | LAL  |  7.6   |   1.9    |   1.3   | 0.819 | 14.4 | 0.544 |  0.1227 |
| 1997-98 |  19 | LAL  |  15.4  |   3.1    |   2.5   | 0.794 | 18.5 | 0.548 |  0.1923 |
| 1998-99 |  20 | LAL  |  19.9  |   5.3    |   3.8   | 0.839 | 18.9 | 0.549 |  0.3425 |
| 1999-00 |  21 | LAL  |  22.5  |   6.3    |   4.9   | 0.821 | 21.7 | 0.546 |  0.383  |
| 2000-01 |  22 | LAL  |  28.5  |   5.9    |   5.0   | 0.853 | 24.5 | 0.552 |  0.4635 |
| 2001-02 |  23 | LAL  |  25.2  |   5.5    |   5.5   | 0.829 | 23.2 | 0.544 |  0.4064 |
| 2002-03 |  24 | LAL  |  30.0  |   6.9    |   5.9   | 0.843 | 26.2 |  0.55 |  0.5014 |
| 2003-04 |  25 | LAL  |  24.0  |   5.5    |   5.1   | 0.852 | 23.7 | 0.551 |  0.4344 |
| 2004-05 |  26 | LAL  |  27.6  |   5.9    |   6.0   | 0.816 | 23.3 | 0.563 |  0.4332 |
| 2005-06 |  27 | LAL  |  35.4  |   5.3    |   4.5   |  0.85 | 28.0 | 0.559 |  0.4888 |
| 2006-07 |  28 | LAL  |  31.6  |   5.7    |   5.4   | 0.868 | 26.1 |  0.58 |  0.5334 |
| 2007-08 |  29 | LAL  |  28.3  |   6.3    |   5.4   |  0.84 | 24.2 | 0.576 |  0.481  |
| 2008-09 |  30 | LAL  |  26.8  |   5.2    |   4.9   | 0.856 | 24.4 | 0.561 |  0.4529 |
| 2009-10 |  31 | LAL  |  27.0  |   5.4    |   5.0   | 0.811 | 21.9 | 0.545 |   0.37  |
| 2010-11 |  32 | LAL  |  25.3  |   5.1    |   4.7   | 0.828 | 23.9 | 0.548 |  0.3891 |
| 2011-12 |  33 | LAL  |  27.9  |   5.4    |   4.6   | 0.845 | 21.9 | 0.527 |  0.3949 |
| 2012-13 |  34 | LAL  |  27.3  |   5.6    |   6.0   | 0.839 | 23.0 |  0.57 |  0.4618 |
| 2013-14 |  35 | LAL  |  13.8  |   4.3    |   6.3   | 0.857 | 10.7 | 0.505 |  0.2879 |
| 2014-15 |  36 | LAL  |  22.3  |   5.7    |   5.6   | 0.813 | 17.6 | 0.477 |  0.2876 |
| 2015-16 |  37 | LAL  |  17.6  |   3.7    |   2.8   | 0.826 | 14.9 | 0.469 |  0.1695 |
+---------+-----+------+--------+----------+---------+-------+------+-------+---------+

Normalized
+---------+-----+------+--------+----------+---------+--------+--------+--------+---------+
|   Year  | Age | Team | Points | Rebounds | Assists |  FT %  |  PER   |   TS   | M_VALUE |
+---------+-----+------+--------+----------+---------+--------+--------+--------+---------+
| 1996-97 |  18 | LAL  |  0.0   |   0.0    |   0.0   | 0.3378 | 0.2139 | 0.6757 |  0.1227 |
| 1997-98 |  19 | LAL  | 0.2806 |   0.24   |   0.24  |  0.0   | 0.4509 | 0.7117 |  0.1923 |
| 1998-99 |  20 | LAL  | 0.4424 |   0.68   |   0.5   | 0.6081 | 0.474  | 0.7207 |  0.3425 |
| 1999-00 |  21 | LAL  | 0.536  |   0.88   |   0.72  | 0.3649 | 0.6358 | 0.6937 |  0.383  |
| 2000-01 |  22 | LAL  | 0.7518 |   0.8    |   0.74  | 0.7973 | 0.7977 | 0.7477 |  0.4635 |
| 2001-02 |  23 | LAL  | 0.6331 |   0.72   |   0.84  | 0.473  | 0.7225 | 0.6757 |  0.4064 |
| 2002-03 |  24 | LAL  | 0.8058 |   1.0    |   0.92  | 0.6622 | 0.896  | 0.7297 |  0.5014 |
| 2003-04 |  25 | LAL  | 0.5899 |   0.72   |   0.76  | 0.7838 | 0.7514 | 0.7387 |  0.4344 |
| 2004-05 |  26 | LAL  | 0.7194 |   0.8    |   0.94  | 0.2973 | 0.7283 | 0.8468 |  0.4332 |
| 2005-06 |  27 | LAL  |  1.0   |   0.68   |   0.64  | 0.7568 |  1.0   | 0.8108 |  0.4888 |
| 2006-07 |  28 | LAL  | 0.8633 |   0.76   |   0.82  |  1.0   | 0.8902 |  1.0   |  0.5334 |
| 2007-08 |  29 | LAL  | 0.7446 |   0.88   |   0.82  | 0.6216 | 0.7803 | 0.964  |  0.481  |
| 2008-09 |  30 | LAL  | 0.6906 |   0.66   |   0.72  | 0.8378 | 0.7919 | 0.8288 |  0.4529 |
| 2009-10 |  31 | LAL  | 0.6978 |   0.7    |   0.74  | 0.2297 | 0.6474 | 0.6847 |   0.37  |
| 2010-11 |  32 | LAL  | 0.6367 |   0.64   |   0.68  | 0.4595 | 0.763  | 0.7117 |  0.3891 |
| 2011-12 |  33 | LAL  | 0.7302 |   0.7    |   0.66  | 0.6892 | 0.6474 | 0.5225 |  0.3949 |
| 2012-13 |  34 | LAL  | 0.7086 |   0.74   |   0.94  | 0.6081 | 0.711  | 0.9099 |  0.4618 |
| 2013-14 |  35 | LAL  | 0.223  |   0.48   |   1.0   | 0.8514 |  0.0   | 0.3243 |  0.2879 |
| 2014-15 |  36 | LAL  | 0.5288 |   0.76   |   0.86  | 0.2568 | 0.3988 | 0.0721 |  0.2876 |
| 2015-16 |  37 | LAL  | 0.3597 |   0.36   |   0.3   | 0.4324 | 0.2428 |  0.0   |  0.1695 |
+---------+-----+------+--------+----------+---------+--------+--------+--------+---------+

Kobe Bryant 3-year prime
+---------+-----+------+---------+
|   Year  | Age | Team | M_VALUE |
+---------+-----+------+---------+
| 2005-06 |  27 | LAL  |  0.4888 |
| 2006-07 |  28 | LAL  |  0.5334 |
| 2007-08 |  29 | LAL  |  0.481  |
+---------+-----+------+---------+
