
Dwyane Wade

Raw
+---------+-----+------+--------+----------+---------+-------+------+-------+---------+
|   Year  | Age | Team | Points | Rebounds | Assists |  FT % | PER  |   TS  | M_VALUE |
+---------+-----+------+--------+----------+---------+-------+------+-------+---------+
| 2003-04 |  22 | MIA  |  16.2  |   4.0    |   4.5   | 0.747 | 17.6 |  0.53 |  0.2004 |
| 2004-05 |  23 | MIA  |  24.1  |   5.2    |   6.8   | 0.762 | 23.1 | 0.561 |  0.4054 |
| 2005-06 |  24 | MIA  |  27.2  |   5.7    |   6.7   | 0.783 | 27.6 | 0.577 |  0.4949 |
| 2006-07 |  25 | MIA  |  27.4  |   4.7    |   7.5   | 0.807 | 28.9 | 0.583 |  0.5159 |
| 2007-08 |  26 | MIA  |  24.6  |   4.2    |   6.9   | 0.758 | 21.5 | 0.549 |  0.3542 |
| 2008-09 |  27 | MIA  |  30.2  |   5.0    |   7.5   | 0.765 | 30.4 | 0.574 |  0.5023 |
| 2009-10 |  28 | MIA  |  26.6  |   4.8    |   6.5   | 0.761 | 28.0 | 0.562 |  0.4266 |
| 2010-11 |  29 | MIA  |  25.5  |   6.4    |   4.6   | 0.758 | 25.6 | 0.581 |  0.4297 |
| 2011-12 |  30 | MIA  |  22.1  |   4.8    |   4.6   | 0.791 | 26.3 | 0.559 |  0.3758 |
| 2012-13 |  31 | MIA  |  21.2  |   5.0    |   5.1   | 0.725 | 24.0 | 0.571 |  0.3232 |
| 2013-14 |  32 | MIA  |  19.0  |   4.5    |   4.7   | 0.733 | 22.0 | 0.588 |  0.2957 |
| 2014-15 |  33 | MIA  |  21.5  |   3.5    |   4.8   | 0.768 | 21.4 | 0.534 |  0.2635 |
| 2015-16 |  34 | MIA  |  19.0  |   4.1    |   4.6   | 0.793 | 20.3 | 0.517 |  0.2692 |
| 2016-17 |  35 | CHI  |  18.3  |   4.5    |   3.8   | 0.794 | 18.5 | 0.508 |  0.2439 |
| 2017-18 |  36 | TOT  |  11.4  |   3.8    |   3.4   | 0.714 | 15.0 |  0.5  |  0.0729 |
| 2017-18 |  36 | CLE  |  11.2  |   3.9    |   3.5   | 0.701 | 15.9 | 0.519 |  0.0858 |
| 2017-18 |  36 | MIA  |  12.0  |   3.4    |   3.1   | 0.745 | 13.1 | 0.465 |  0.0457 |
| 2018-19 |  37 | MIA  |  15.0  |   4.0    |   4.2   | 0.708 | 15.8 |  0.51 |  0.1238 |
+---------+-----+------+--------+----------+---------+-------+------+-------+---------+

Normalized
+---------+-----+------+--------+----------+---------+--------+--------+--------+---------+
|   Year  | Age | Team | Points | Rebounds | Assists |  FT %  |  PER   |   TS   | M_VALUE |
+---------+-----+------+--------+----------+---------+--------+--------+--------+---------+
| 2003-04 |  22 | MIA  | 0.2632 |   0.2    |  0.3182 | 0.434  | 0.2601 | 0.5285 |  0.2004 |
| 2004-05 |  23 | MIA  | 0.6789 |   0.6    |  0.8409 | 0.5755 | 0.578  | 0.7805 |  0.4054 |
| 2005-06 |  24 | MIA  | 0.8421 |  0.7667  |  0.8182 | 0.7736 | 0.8382 | 0.9106 |  0.4949 |
| 2006-07 |  25 | MIA  | 0.8526 |  0.4333  |   1.0   |  1.0   | 0.9133 | 0.9593 |  0.5159 |
| 2007-08 |  26 | MIA  | 0.7053 |  0.2667  |  0.8636 | 0.5377 | 0.4855 | 0.6829 |  0.3542 |
| 2008-09 |  27 | MIA  |  1.0   |  0.5333  |   1.0   | 0.6038 |  1.0   | 0.8862 |  0.5023 |
| 2009-10 |  28 | MIA  | 0.8105 |  0.4667  |  0.7727 | 0.566  | 0.8613 | 0.7886 |  0.4266 |
| 2010-11 |  29 | MIA  | 0.7526 |   1.0    |  0.3409 | 0.5377 | 0.7225 | 0.9431 |  0.4297 |
| 2011-12 |  30 | MIA  | 0.5737 |  0.4667  |  0.3409 | 0.8491 | 0.763  | 0.7642 |  0.3758 |
| 2012-13 |  31 | MIA  | 0.5263 |  0.5333  |  0.4545 | 0.2264 | 0.6301 | 0.8618 |  0.3232 |
| 2013-14 |  32 | MIA  | 0.4105 |  0.3667  |  0.3636 | 0.3019 | 0.5145 |  1.0   |  0.2957 |
| 2014-15 |  33 | MIA  | 0.5421 |  0.0333  |  0.3864 | 0.6321 | 0.4798 | 0.561  |  0.2635 |
| 2015-16 |  34 | MIA  | 0.4105 |  0.2333  |  0.3409 | 0.8679 | 0.4162 | 0.4228 |  0.2692 |
| 2016-17 |  35 | CHI  | 0.3737 |  0.3667  |  0.1591 | 0.8774 | 0.3121 | 0.3496 |  0.2439 |
| 2017-18 |  36 | TOT  | 0.0105 |  0.1333  |  0.0682 | 0.1226 | 0.1098 | 0.2846 |  0.0729 |
| 2017-18 |  36 | CLE  |  0.0   |  0.1667  |  0.0909 |  0.0   | 0.1618 | 0.439  |  0.0858 |
| 2017-18 |  36 | MIA  | 0.0421 |   0.0    |   0.0   | 0.4151 |  0.0   |  0.0   |  0.0457 |
| 2018-19 |  37 | MIA  |  0.2   |   0.2    |   0.25  | 0.066  | 0.1561 | 0.3659 |  0.1238 |
+---------+-----+------+--------+----------+---------+--------+--------+--------+---------+

Dwyane Wade 3-year prime
+---------+-----+------+---------+
|   Year  | Age | Team | M_VALUE |
+---------+-----+------+---------+
| 2008-09 |  27 | MIA  |  0.5023 |
| 2009-10 |  28 | MIA  |  0.4266 |
| 2010-11 |  29 | MIA  |  0.4297 |
+---------+-----+------+---------+
