
Dirk Nowitzki

Raw
+---------+-----+------+--------+----------+---------+-------+------+-------+---------+
|   Year  | Age | Team | Points | Rebounds | Assists |  FT % | PER  |   TS  | M_VALUE |
+---------+-----+------+--------+----------+---------+-------+------+-------+---------+
| 1998-99 |  20 | DAL  |  8.2   |   3.4    |   1.0   | 0.773 | 12.8 | 0.491 |  0.0525 |
| 1999-00 |  21 | DAL  |  17.5  |   6.5    |   2.5   |  0.83 | 17.5 | 0.564 |  0.3164 |
| 2000-01 |  22 | DAL  |  21.8  |   9.2    |   2.1   | 0.838 | 22.8 | 0.601 |  0.4243 |
| 2001-02 |  23 | DAL  |  23.4  |   9.9    |   2.4   | 0.853 | 24.1 | 0.599 |  0.4698 |
| 2002-03 |  24 | DAL  |  25.1  |   9.9    |   3.0   | 0.881 | 25.6 | 0.581 |  0.5152 |
| 2003-04 |  25 | DAL  |  21.8  |   8.7    |   2.7   | 0.877 | 22.5 | 0.561 |  0.4362 |
| 2004-05 |  26 | DAL  |  26.1  |   9.7    |   3.1   | 0.869 | 26.1 | 0.578 |  0.5132 |
| 2005-06 |  27 | DAL  |  26.6  |   9.0    |   2.8   | 0.901 | 28.1 | 0.589 |  0.5358 |
| 2006-07 |  28 | DAL  |  24.6  |   8.9    |   3.4   | 0.904 | 27.6 | 0.605 |  0.556  |
| 2007-08 |  29 | DAL  |  23.6  |   8.6    |   3.5   | 0.879 | 24.6 | 0.585 |  0.5022 |
| 2008-09 |  30 | DAL  |  25.9  |   8.4    |   2.4   |  0.89 | 23.1 | 0.564 |  0.4568 |
| 2009-10 |  31 | DAL  |  25.0  |   7.7    |   2.7   | 0.915 | 22.9 | 0.578 |  0.4789 |
| 2010-11 |  32 | DAL  |  23.0  |   7.0    |   2.6   | 0.892 | 23.4 | 0.612 |  0.465  |
| 2011-12 |  33 | DAL  |  21.6  |   6.7    |   2.2   | 0.896 | 21.7 | 0.564 |  0.3991 |
| 2012-13 |  34 | DAL  |  17.3  |   6.8    |   2.5   |  0.86 | 19.8 | 0.564 |  0.3534 |
| 2013-14 |  35 | DAL  |  21.7  |   6.2    |   2.7   | 0.899 | 23.6 | 0.603 |  0.4498 |
| 2014-15 |  36 | DAL  |  17.3  |   5.9    |   1.9   | 0.882 | 19.2 |  0.56 |  0.3281 |
| 2015-16 |  37 | DAL  |  18.3  |   6.5    |   1.8   | 0.893 | 19.0 | 0.555 |  0.3417 |
| 2016-17 |  38 | DAL  |  14.2  |   6.5    |   1.5   | 0.875 | 17.0 | 0.529 |  0.2681 |
| 2017-18 |  39 | DAL  |  12.0  |   5.7    |   1.6   | 0.898 | 16.7 | 0.575 |  0.2953 |
| 2018-19 |  40 | DAL  |  7.3   |   3.1    |   0.7   |  0.78 | 9.6  | 0.469 |  0.0049 |
+---------+-----+------+--------+----------+---------+-------+------+-------+---------+

Normalized
+---------+-----+------+--------+----------+---------+--------+--------+--------+---------+
|   Year  | Age | Team | Points | Rebounds | Assists |  FT %  |  PER   |   TS   | M_VALUE |
+---------+-----+------+--------+----------+---------+--------+--------+--------+---------+
| 1998-99 |  20 | DAL  | 0.0466 |  0.0441  |  0.1071 |  0.0   | 0.173  | 0.1538 |  0.0525 |
| 1999-00 |  21 | DAL  | 0.5285 |   0.5    |  0.6429 | 0.4014 | 0.427  | 0.6643 |  0.3164 |
| 2000-01 |  22 | DAL  | 0.7513 |  0.8971  |   0.5   | 0.4577 | 0.7135 | 0.9231 |  0.4243 |
| 2001-02 |  23 | DAL  | 0.8342 |   1.0    |  0.6071 | 0.5634 | 0.7838 | 0.9091 |  0.4698 |
| 2002-03 |  24 | DAL  | 0.9223 |   1.0    |  0.8214 | 0.7606 | 0.8649 | 0.7832 |  0.5152 |
| 2003-04 |  25 | DAL  | 0.7513 |  0.8235  |  0.7143 | 0.7324 | 0.6973 | 0.6434 |  0.4362 |
| 2004-05 |  26 | DAL  | 0.9741 |  0.9706  |  0.8571 | 0.6761 | 0.8919 | 0.7622 |  0.5132 |
| 2005-06 |  27 | DAL  |  1.0   |  0.8676  |   0.75  | 0.9014 |  1.0   | 0.8392 |  0.5358 |
| 2006-07 |  28 | DAL  | 0.8964 |  0.8529  |  0.9643 | 0.9225 | 0.973  | 0.951  |  0.556  |
| 2007-08 |  29 | DAL  | 0.8446 |  0.8088  |   1.0   | 0.7465 | 0.8108 | 0.8112 |  0.5022 |
| 2008-09 |  30 | DAL  | 0.9637 |  0.7794  |  0.6071 | 0.8239 | 0.7297 | 0.6643 |  0.4568 |
| 2009-10 |  31 | DAL  | 0.9171 |  0.6765  |  0.7143 |  1.0   | 0.7189 | 0.7622 |  0.4789 |
| 2010-11 |  32 | DAL  | 0.8135 |  0.5735  |  0.6786 | 0.838  | 0.7459 |  1.0   |  0.465  |
| 2011-12 |  33 | DAL  | 0.7409 |  0.5294  |  0.5357 | 0.8662 | 0.6541 | 0.6643 |  0.3991 |
| 2012-13 |  34 | DAL  | 0.5181 |  0.5441  |  0.6429 | 0.6127 | 0.5514 | 0.6643 |  0.3534 |
| 2013-14 |  35 | DAL  | 0.7461 |  0.4559  |  0.7143 | 0.8873 | 0.7568 | 0.9371 |  0.4498 |
| 2014-15 |  36 | DAL  | 0.5181 |  0.4118  |  0.4286 | 0.7676 | 0.5189 | 0.6364 |  0.3281 |
| 2015-16 |  37 | DAL  | 0.5699 |   0.5    |  0.3929 | 0.8451 | 0.5081 | 0.6014 |  0.3417 |
| 2016-17 |  38 | DAL  | 0.3575 |   0.5    |  0.2857 | 0.7183 |  0.4   | 0.4196 |  0.2681 |
| 2017-18 |  39 | DAL  | 0.2435 |  0.3824  |  0.3214 | 0.8803 | 0.3838 | 0.7413 |  0.2953 |
| 2018-19 |  40 | DAL  |  0.0   |   0.0    |   0.0   | 0.0493 |  0.0   |  0.0   |  0.0049 |
+---------+-----+------+--------+----------+---------+--------+--------+--------+---------+

Dirk Nowitzki 3-year prime
+---------+-----+------+---------+
|   Year  | Age | Team | M_VALUE |
+---------+-----+------+---------+
| 2004-05 |  26 | DAL  |  0.5132 |
| 2005-06 |  27 | DAL  |  0.5358 |
| 2006-07 |  28 | DAL  |  0.556  |
+---------+-----+------+---------+
